Q1:
array:  .  31  41  53  93   .  26  97  58  59
index:  0   1   2   3   4   5   6   7   8   9

Q2:
Load factor = # elems / # slots = 8 / 10 = 0.8

Q3:
Insert Order: 41, 31, 93, 53, 26, 97, 58, 59
array:  .  41  31  93  53   .  26  97  58  59
index:  0   1   2   3   4   5   6   7   8   9

Q4:
Slots 2, 3, 4, 5.

Q5:
Slots 7, 8, 9, 0

Q6:
array:  .   T  31  93   T   .  26  97  58  59
index:  0   1   2   3   4   5   6   7   8   9

Q7:
array:  106   107  31  93   110   .  26  97  58  59
index:    0     1   2   3     4   5   6   7   8   9

Q8:
index:    0     1    2    3   4     5    6    7    8    9
array:  108   151  221  103   .   145  245  246  106  107
dist :    2     0    1    0   -     0    1    1    2    2

Q9:
order: 221, 151, 103, 245, 145, 106, 246, 107, 108
index:    0     1    2    3   4     5    6    7    8    9
array:  108   221  151  103   .   245  145  106  246  107
dist :    2     0    1    0   -     0    1    1    2    2

Q10:
Slots 5, 6, 7.

Q11:
Slots 0, 1.

Q12:
index:    0     1    2    3   4     5    6    7    8    9
array:  108   221    .  103   .   145  245  246  106  107
dist :    2     0    -    0   -     0    1    1    2    2

Q13:
index:    0     1    2    3   4     5    6    7    8    9
array:    .   221    .  103   .   245  246  106  107  108
dist :    -     0    -    0   -     0    0    1    1    1
